C1-H1  382.961   1.087   0   1
C1-N1  377.255   1.344   0   2
C1-C6  383.774   1.394   0   17
N1-C2  420.227   1.329   2   3
C2-H2  368.735   1.091   3   4
C2-C3  319.830   1.416   3   5
C3-N2  354.467   1.389   5   6
C3-C4  350.798   1.409   5   9
N2-H3  498.627   1.014   6   7
N2-H4  482.329   1.018   6   8
C4-S1  160.278   1.796   9   10
C4-C6  384.813   1.395   9   17
S1-O1  615.031   1.469   10   11
S1-O2  573.625   1.478   10   12
S1-C5  170.850   1.806   10   13
C5-H5  371.082   1.092   13   14
C5-H6  373.478   1.091   13   15
C5-H7  375.791   1.091   13   16
C6-H8  390.137   1.086   17   18
