H1-C1-N1  35.422   116.707   1   0   2
H1-C1-C6  37.490   120.842   1   0   17
N1-C1-C6  84.083   122.451   2   0   17
C1-N1-C2  152.689   118.481   0   2   3
N1-C2-H2  35.477   116.616   2   3   4
N1-C2-C3  74.088   124.604   2   3   5
H2-C2-C3  37.181   118.780   4   3   5
C2-C3-N2  98.828   121.073   3   5   6
C2-C3-C4  117.371   115.518   3   5   9
N2-C3-C4  87.976   123.319   6   5   9
C3-N2-H3  49.230   114.189   5   6   7
C3-N2-H4  45.682   114.697   5   6   8
H3-N2-H4  30.608   112.984   7   6   8
C3-C4-S1  92.056   121.042   5   9   10
C3-C4-C6  91.868   120.366   5   9   17
S1-C4-C6  91.532   118.589   10   9   17
C4-S1-O1  122.952   108.519   9   10   11
C4-S1-O2  146.910   107.945   9   10   12
C4-S1-C5  170.466   102.662   9   10   13
O1-S1-O2  109.838   120.550   11   10   12
O1-S1-C5  111.167   108.425   11   10   13
O2-S1-C5  71.555   107.295   12   10   13
S1-C5-H5  44.291   106.270   10   13   14
S1-C5-H6  55.492   108.576   10   13   15
S1-C5-H7  48.434   108.563   10   13   16
H5-C5-H6  34.817   110.747   14   13   15
H5-C5-H7  33.285   110.843   14   13   16
H6-C5-H7  31.491   111.645   15   13   16
C1-C6-C4  89.426   118.563   0   17   9
C1-C6-H8  33.239   121.635   0   17   18
C4-C6-H8  30.676   119.801   9   17   18
